50 58
device 16
0 16 20 5 5
1 33 35 5 5
2 24 20 10 10
3 37 5 5 5
4 42 30 5 5
5 37 15 10 10
6 3 50 5 5
7 11 50 5 5
8 5 35 10 10
9 19 50 5 5
10 27 50 5 5
11 20 35 10 10
12 24 5 10 10
13 3 20 10 10
14 11 5 10 10
15 3 5 5 5
path 15
0 (20,20) (21,20) (22,20) (22,21) (22,22) (22,23) (22,24) (22,25) (22,26) (22,27) (22,28) (23,28) (23,29) (24,29) 
1 (37,35) (37,34) (37,33) (36,33) (35,33) (35,32) (35,31) (35,30) (35,29) (35,28) (35,27) (35,26) (35,25) (35,24) (35,23) (35,22) (35,21) (34,21) (34,20) (34,19) (33,19) (33,18) (32,18) (31,18) (30,18) (29,18) (28,18) (27,18) (26,18) (25,18) (24,18) (24,19) (24,20) 
2 (33,29) (33,30) (33,31) (32,31) (31,31) (30,31) (29,31) (28,31) (27,31) (26,31) (25,31) (24,31) (23,31) (22,31) (21,31) (20,31) (19,31) (19,30) (19,29) (19,28) (19,27) (19,26) (18,26) (17,26) (16,26) (15,26) (14,26) (14,25) (14,24) (14,23) (14,22) (14,21) (14,20) (14,19) (14,18) (15,18) (16,18) (16,17) (16,16) (17,16) (18,16) (19,16) (20,16) (21,16) (21,15) (22,15) (23,15) (23,14) (24,14) 
3 (41,5) (41,4) (40,4) (39,4) (38,4) (37,4) (36,4) (36,5) (36,6) (36,7) (36,8) (36,9) (36,10) (36,11) (36,12) (36,13) (35,13) (35,14) (35,15) (35,16) (35,17) (35,18) (35,19) (35,20) (36,20) (36,21) (36,22) (36,23) (36,24) (37,24) 
4 (46,30) (46,29) (46,28) (46,27) (46,26) (47,26) (47,25) (47,24) (47,23) (47,22) (47,21) (47,20) (47,19) (47,18) (47,17) (47,16) (47,15) (47,14) (46,14) (45,14) (44,14) (43,14) (43,13) (42,13) (41,13) (40,13) (39,13) (38,13) (37,13) (37,14) (37,15) 
5 (46,24) (46,25) (45,25) (45,26) (44,26) (43,26) (42,26) (41,26) (41,27) (41,28) (41,29) (41,30) (41,31) (41,32) (41,33) (41,34) (41,35) (42,35) (43,35) (44,35) (45,35) (46,35) (47,35) (47,34) (47,33) (47,32) (47,31) (47,30) (47,29) (47,28) (47,27) (48,27) (48,26) (48,25) (48,24) (48,23) (48,22) (48,21) (48,20) (48,19) (48,18) (48,17) (48,16) (48,15) (48,14) (48,13) (47,13) (46,13) (45,13) (44,13) (44,12) (44,11) (43,11) (43,10) (43,9) (43,8) (43,7) (43,6) (43,5) (43,4) (42,4) (42,3) (41,3) (40,3) (39,3) (38,3) (37,3) (36,3) (35,3) (34,3) (33,3) (32,3) (31,3) (30,3) (29,3) (28,3) (27,3) (26,3) (25,3) (24,3) (24,4) (24,5) 
6 (7,50) (7,49) (7,48) (6,48) (6,47) (6,46) (6,45) (5,45) (5,44) 
7 (15,50) (16,50) (17,50) (17,49) (17,48) (17,47) (17,46) (17,45) (17,44) (17,43) (17,42) (17,41) (17,40) (17,39) (17,38) (17,37) (17,36) (17,35) (17,34) (17,33) (17,32) (16,32) (15,32) (14,32) (13,32) (12,32) (12,33) (11,33) (10,33) (9,33) (8,33) (7,33) (6,33) (5,33) (5,34) (5,35) 
8 (14,44) (14,45) (14,46) (13,46) (12,46) (11,46) (10,46) (9,46) (9,47) (9,48) (9,49) (9,50) (9,51) (9,52) (9,53) (9,54) (9,55) (9,56) (8,56) (7,56) (6,56) (5,56) (4,56) (3,56) (2,56) (1,56) (1,55) (1,54) (1,53) (1,52) (1,51) (1,50) (1,49) (1,48) (2,48) (2,47) (2,46) (2,45) (2,44) (2,43) (2,42) (2,41) (2,40) (2,39) (2,38) (2,37) (2,36) (2,35) (2,34) (2,33) (2,32) (2,31) (2,30) (2,29) (3,29) 
9 (23,50) (23,49) (23,48) (22,48) (21,48) (21,47) (21,46) (21,45) (20,45) (20,44) 
10 (31,50) (31,49) (31,48) (31,47) (31,46) (31,45) (31,44) (31,43) (31,42) (31,41) (31,40) (31,39) (31,38) (31,37) (31,36) (31,35) (31,34) (31,33) (30,33) (29,33) (28,33) (27,33) (26,33) (25,33) (24,33) (23,33) (22,33) (21,33) (20,33) (20,34) (20,35) 
11 (29,44) (29,45) (29,46) (28,46) (27,46) (26,46) (25,46) (25,47) (25,48) (25,49) (25,50) (25,51) (25,52) (25,53) (25,54) (25,55) (25,56) (24,56) (23,56) (22,56) (21,56) (20,56) (19,56) (18,56) (18,55) (18,54) (18,53) (18,52) (18,51) (18,50) (18,49) (18,48) (18,47) (18,46) (18,45) (18,44) (18,43) (18,42) (18,41) (18,40) (18,39) (18,38) (18,37) (18,36) (18,35) (18,34) (18,33) (18,32) (18,31) (17,31) (16,31) (15,31) (14,31) (14,30) (14,29) (14,28) (14,27) (13,27) (13,26) (13,25) (13,24) (13,23) (13,22) (13,21) (13,20) (13,19) (13,18) (12,18) (11,18) (10,18) (9,18) (8,18) (7,18) (6,18) (5,18) (4,18) (3,18) (3,19) (3,20) 
12 (33,14) (33,15) (32,15) (31,15) (30,15) (29,15) (28,15) (27,15) (26,15) (25,15) (24,15) (24,16) (23,16) (22,16) (22,17) (21,17) (20,17) (19,17) (18,17) (17,17) (17,16) (17,15) (16,15) (15,15) (14,15) (13,15) (12,15) (11,15) (11,14) 
13 (12,29) (12,30) (11,30) (10,30) (9,30) (8,30) (7,30) (6,30) (5,30) (4,30) (3,30) (2,30) (1,30) (1,29) (1,28) (2,28) (2,27) (2,26) (2,25) (2,24) (2,23) (2,22) (2,21) (2,20) (2,19) (2,18) (2,17) (3,17) (4,17) (4,16) (4,15) (4,14) (4,13) (4,12) (5,12) (5,11) (5,10) (6,10) (7,10) (8,10) (8,9) (8,8) (9,8) (10,8) (10,7) (10,6) (10,5) (11,5) 
14 (20,14) (21,14) (21,13) (21,12) (21,11) (21,10) (21,9) (21,8) (21,7) (21,6) (21,5) (21,4) (20,4) (19,4) (18,4) (17,4) (16,4) (15,4) (14,4) (13,4) (12,4) (11,4) (10,4) (9,4) (9,3) (8,3) (7,3) (6,3) (5,3) (4,3) (3,3) (3,4) (3,5) 
control 83
0 (0,30) (1,30) (2,30) 
1 (0,5) (1,5) (2,5) (3,5) 
2 (0,23) (1,23) (2,23) (3,23) 
3 (0,26) (1,26) (2,26) (3,26) 
4 (0,29) (1,29) (2,29) (3,29) 
5 (0,50) (1,50) (2,50) (3,50) 
6 (0,38) (1,38) (2,38) (3,38) (4,38) (5,38) 
7 (0,41) (1,41) (2,41) (3,41) (4,41) (5,41) 
8 (0,44) (1,44) (2,44) (3,44) (4,44) (5,44) 
9 (0,20) (1,20) (2,20) (3,20) (4,20) (5,20) (6,20) 
10 (0,31) (1,31) (2,31) (3,31) (3,30) (4,30) (5,30) (6,30) 
11 (8,0) (8,1) (8,2) (8,3) (8,4) (8,5) 
12 (0,35) (1,35) (2,35) (3,35) (4,35) (5,35) (6,35) (7,35) (8,35) 
13 (0,45) (1,45) (2,45) (3,45) (4,45) (5,45) (6,45) (7,45) (8,45) 
14 (8,57) (8,56) (8,55) (8,54) (8,53) (8,52) (8,51) (8,50) 
15 (0,19) (1,19) (2,19) (3,19) (4,19) (5,19) (6,19) (7,19) (8,19) (9,19) (9,20) 
16 (0,32) (1,32) (2,32) (3,32) (4,32) (4,31) (5,31) (6,31) (7,31) (8,31) (9,31) (9,30) 
17 (11,0) (11,1) (11,2) (11,3) (11,4) (11,5) (11,6) (11,7) (11,8) 
18 (0,11) (1,11) (2,11) (3,11) (4,11) (5,11) (6,11) (7,11) (8,11) (9,11) (10,11) (11,11) 
19 (0,14) (1,14) (2,14) (3,14) (4,14) (5,14) (6,14) (7,14) (8,14) (9,14) (10,14) (11,14) 
20 (0,34) (1,34) (2,34) (3,34) (4,34) (5,34) (6,34) (7,34) (8,34) (9,34) (10,34) (11,34) (11,35) 
21 (0,46) (1,46) (2,46) (3,46) (4,46) (5,46) (6,46) (7,46) (8,46) (9,46) (9,45) (10,45) (11,45) 
22 (11,57) (11,56) (11,55) (11,54) (11,53) (11,52) (11,51) (11,50) 
23 (0,21) (1,21) (2,21) (3,21) (4,21) (5,21) (6,21) (7,21) (8,21) (9,21) (10,21) (11,21) (12,21) (12,20) 
24 (0,28) (1,28) (2,28) (3,28) (4,28) (5,28) (5,29) (6,29) (7,29) (8,29) (9,29) (10,29) (11,29) (11,30) (12,30) 
25 (14,0) (14,1) (14,2) (14,3) (14,4) (14,5) 
26 (0,15) (1,15) (2,15) (3,15) (4,15) (5,15) (6,15) (7,15) (8,15) (9,15) (10,15) (11,15) (12,15) (13,15) (14,15) 
27 (0,36) (1,36) (2,36) (3,36) (4,36) (5,36) (6,36) (7,36) (8,36) (9,36) (10,36) (11,36) (12,36) (13,36) (13,35) (14,35) 
28 (14,57) (14,56) (14,55) (14,54) (14,53) (14,52) (14,51) (14,50) (14,49) (14,48) (14,47) (14,46) (14,45) 
29 (0,22) (1,22) (2,22) (3,22) (4,22) (5,22) (6,22) (7,22) (8,22) (9,22) (10,22) (11,22) (12,22) (13,22) (14,22) (15,22) (15,21) (16,21) (16,20) 
30 (16,57) (16,56) (16,55) (16,54) (16,53) (16,52) (16,51) (16,50) 
31 (17,0) (17,1) (17,2) (17,3) (17,4) (17,5) 
32 (16,0) (16,1) (16,2) (16,3) (16,4) (16,5) (16,6) (16,7) (16,8) (16,9) (16,10) (16,11) (16,12) (16,13) (16,14) (16,15) (17,15) 
33 (0,16) (1,16) (2,16) (3,16) (4,16) (5,16) (6,16) (7,16) (8,16) (9,16) (10,16) (11,16) (12,16) (13,16) (14,16) (15,16) (16,16) (17,16) 
34 (19,57) (19,56) (19,55) (19,54) (19,53) (19,52) (19,51) (19,50) 
35 (20,0) (20,1) (20,2) (20,3) (20,4) (20,5) 
36 (19,0) (19,1) (19,2) (19,3) (19,4) (19,5) (19,6) (19,7) (20,7) (20,8) (20,9) (20,10) (20,11) (20,12) (20,13) (20,14) (20,15) 
37 (0,37) (1,37) (2,37) (3,37) (4,37) (5,37) (6,37) (7,37) (8,37) (9,37) (9,38) (10,38) (11,38) (12,38) (13,38) (14,38) (15,38) (16,38) (17,38) (18,38) (19,38) (20,38) 
38 (21,57) (21,56) (21,55) (21,54) (21,53) (21,52) (21,51) (21,50) (21,49) (21,48) (21,47) (21,46) (21,45) (21,44) (21,43) (20,43) (20,42) (20,41) 
39 (20,57) (20,56) (20,55) (20,54) (20,53) (20,52) (20,51) (20,50) (20,49) (20,48) (20,47) (20,46) (20,45) (20,44) 
40 (21,0) (21,1) (21,2) (21,3) (21,4) (21,5) (21,6) (21,7) (21,8) (21,9) (21,10) (21,11) (21,12) (21,13) (21,14) (21,15) (21,16) (21,17) (21,18) (21,19) (21,20) 
41 (22,57) (22,56) (22,55) (22,54) (22,53) (22,52) (22,51) (22,50) (22,49) (22,48) (22,47) (22,46) (22,45) (22,44) (22,43) (22,42) (22,41) (22,40) (22,39) (22,38) (23,38) (23,37) (23,36) (23,35) 
42 (23,57) (23,56) (23,55) (23,54) (23,53) (23,52) (23,51) (23,50) (23,49) (23,48) (23,47) (23,46) (23,45) 
43 (24,0) (24,1) (24,2) (24,3) (24,4) (24,5) (24,6) (24,7) (24,8) 
44 (25,0) (25,1) (25,2) (25,3) (25,4) (25,5) (25,6) (25,7) (25,8) (25,9) (24,9) (24,10) (24,11) 
45 (23,0) (23,1) (23,2) (23,3) (23,4) (23,5) (23,6) (23,7) (23,8) (23,9) (23,10) (23,11) (23,12) (23,13) (24,13) (24,14) 
46 (22,0) (22,1) (22,2) (22,3) (22,4) (22,5) (22,6) (22,7) (22,8) (22,9) (22,10) (22,11) (22,12) (22,13) (22,14) (22,15) (22,16) (22,17) (22,18) (22,19) (23,19) (23,20) (23,21) (24,21) (24,22) (24,23) 
47 (0,25) (1,25) (2,25) (3,25) (4,25) (5,25) (6,25) (7,25) (8,25) (9,25) (10,25) (11,25) (12,25) (13,25) (14,25) (15,25) (16,25) (17,25) (18,25) (19,25) (20,25) (20,26) (21,26) (22,26) (23,26) (24,26) 
48 (0,27) (1,27) (2,27) (3,27) (4,27) (5,27) (6,27) (7,27) (8,27) (9,27) (10,27) (11,27) (12,27) (13,27) (13,28) (14,28) (15,28) (16,28) (16,29) (17,29) (18,29) (19,29) (20,29) (21,29) (22,29) (23,29) (24,29) 
49 (24,57) (24,56) (24,55) (24,54) (24,53) (24,52) (24,51) (24,50) 
50 (25,57) (25,56) (25,55) (25,54) (25,53) (25,52) (25,51) (25,50) (25,49) (25,48) (25,47) (25,46) (25,45) (25,44) (25,43) (25,42) (25,41) (25,40) (25,39) (25,38) (25,37) (25,36) (25,35) (26,35) 
51 (26,57) (26,56) (26,55) (26,54) (26,53) (26,52) (26,51) (26,50) (26,49) (26,48) (26,47) (26,46) (26,45) 
52 (27,0) (27,1) (27,2) (27,3) (27,4) (27,5) 
53 (28,0) (28,1) (28,2) (28,3) (28,4) (28,5) (28,6) (28,7) (28,8) (28,9) (27,9) (27,10) (27,11) (27,12) (27,13) (27,14) (27,15) 
54 (26,0) (26,1) (26,2) (26,3) (26,4) (26,5) (26,6) (26,7) (26,8) (26,9) (26,10) (26,11) (26,12) (26,13) (26,14) (26,15) (26,16) (26,17) (26,18) (26,19) (27,19) (27,20) 
55 (49,28) (48,28) (47,28) (46,28) (45,28) (44,28) (43,28) (42,28) (41,28) (40,28) (39,28) (38,28) (37,28) (36,28) (35,28) (34,28) (33,28) (32,28) (31,28) (30,28) (29,28) (28,28) (27,28) (27,29) (27,30) 
56 (27,57) (27,56) (27,55) (27,54) (27,53) (27,52) (27,51) (27,50) 
57 (49,36) (48,36) (47,36) (46,36) (45,36) (44,36) (43,36) (42,36) (41,36) (40,36) (39,36) (38,36) (37,36) (36,36) (35,36) (34,36) (33,36) (32,36) (32,35) (31,35) (30,35) (29,35) 
58 (29,57) (29,56) (29,55) (29,54) (29,53) (29,52) (29,51) (29,50) (29,49) (29,48) (29,47) (29,46) (29,45) 
59 (30,0) (30,1) (30,2) (30,3) (30,4) (30,5) 
60 (29,0) (29,1) (29,2) (29,3) (29,4) (29,5) (29,6) (29,7) (29,8) (29,9) (29,10) (29,11) (29,12) (29,13) (30,13) (30,14) (30,15) 
61 (49,19) (48,19) (47,19) (46,19) (45,19) (44,19) (43,19) (42,19) (41,19) (40,19) (39,19) (38,19) (37,19) (36,19) (35,19) (34,19) (33,19) (32,19) (31,19) (31,20) (30,20) 
62 (49,29) (48,29) (47,29) (46,29) (45,29) (44,29) (43,29) (42,29) (41,29) (40,29) (39,29) (38,29) (37,29) (36,29) (35,29) (34,29) (33,29) (32,29) (31,29) (30,29) (30,30) 
63 (32,57) (32,56) (32,55) (32,54) (32,53) (32,52) (32,51) (32,50) 
64 (33,0) (33,1) (33,2) (33,3) (33,4) (33,5) 
65 (32,0) (32,1) (32,2) (32,3) (32,4) (32,5) (32,6) (32,7) (32,8) (32,9) (32,10) (32,11) (32,12) (32,13) (32,14) (33,14) (33,15) 
66 (49,20) (48,20) (47,20) (46,20) (45,20) (44,20) (43,20) (42,20) (41,20) (40,20) (39,20) (38,20) (37,20) (36,20) (35,20) (34,20) (33,20) 
67 (49,32) (48,32) (47,32) (46,32) (45,32) (44,32) (43,32) (42,32) (41,32) (41,31) (41,30) (40,30) (39,30) (38,30) (37,30) (36,30) (35,30) (34,30) (33,30) 
68 (49,34) (48,34) (47,34) (46,34) (45,34) (44,34) (43,34) (42,34) (41,34) (40,34) (39,34) (38,34) (37,34) (36,34) (35,34) (34,34) (33,34) (33,35) 
69 (37,0) (37,1) (37,2) (37,3) (37,4) (37,5) 
70 (49,18) (48,18) (47,18) (46,18) (45,18) (44,18) (43,18) (42,18) (41,18) (40,18) (39,18) (38,18) (37,18) 
71 (49,21) (48,21) (47,21) (46,21) (45,21) (44,21) (43,21) (42,21) (41,21) (40,21) (39,21) (38,21) (37,21) 
72 (49,24) (48,24) (47,24) (46,24) (45,24) (44,24) (43,24) (42,24) (41,24) (40,24) (39,24) (38,24) (37,24) 
73 (49,35) (48,35) (47,35) (46,35) (45,35) (44,35) (43,35) (42,35) (41,35) (40,35) (39,35) (38,35) 
74 (49,16) (48,16) (47,16) (46,16) (45,16) (44,16) (43,16) (42,16) (42,15) (41,15) (40,15) 
75 (49,27) (48,27) (47,27) (46,27) (45,27) (44,27) (43,27) (42,27) (41,27) (40,27) (40,26) (40,25) 
76 (42,0) (42,1) (42,2) (42,3) (42,4) (42,5) 
77 (49,31) (48,31) (47,31) (46,31) (45,31) (44,31) (43,31) (43,30) (42,30) 
78 (49,14) (48,14) (47,14) (46,14) (45,14) (44,14) (43,14) (43,15) 
79 (49,26) (48,26) (47,26) (46,26) (45,26) (44,26) (43,26) (43,25) 
80 (49,15) (48,15) (47,15) (46,15) 
81 (49,25) (48,25) (47,25) (46,25) 
82 (49,30) (48,30) (47,30) 
