50 58
device 16
0 16 20 5 5
1 33 35 5 5
2 24 20 10 10
3 37 5 5 5
4 42 30 5 5
5 37 15 10 10
6 3 50 5 5
7 11 50 5 5
8 5 35 10 10
9 19 50 5 5
10 27 50 5 5
11 20 35 10 10
12 24 5 10 10
13 3 20 10 10
14 11 5 10 10
15 3 5 5 5
path 15
0 (20,20) (21,20) (22,20) (22,21) (22,22) (22,23) (22,24) (22,25) (22,26) (22,27) (22,28) (23,28) (23,29) (24,29) 
1 (37,35) (37,34) (37,33) (36,33) (35,33) (35,32) (35,31) (35,30) (35,29) (35,28) (35,27) (35,26) (35,25) (35,24) (35,23) (35,22) (35,21) (34,21) (34,20) (34,19) (33,19) (33,18) (32,18) (31,18) (30,18) (29,18) (28,18) (27,18) (26,18) (25,18) (24,18) (24,19) (24,20) 
2 (33,29) (33,30) (33,31) (32,31) (31,31) (30,31) (29,31) (28,31) (27,31) (26,31) (25,31) (24,31) (23,31) (22,31) (21,31) (20,31) (19,31) (19,30) (19,29) (19,28) (19,27) (19,26) (18,26) (17,26) (16,26) (15,26) (14,26) (14,25) (14,24) (14,23) (14,22) (14,21) (14,20) (14,19) (14,18) (15,18) (16,18) (16,17) (16,16) (17,16) (18,16) (19,16) (20,16) (21,16) (21,15) (22,15) (23,15) (23,14) (24,14) 
3 (41,5) (41,4) (40,4) (39,4) (38,4) (37,4) (36,4) (36,5) (36,6) (36,7) (36,8) (36,9) (36,10) (36,11) (36,12) (36,13) (35,13) (35,14) (35,15) (35,16) (35,17) (35,18) (35,19) (35,20) (36,20) (36,21) (36,22) (36,23) (36,24) (37,24) 
4 (46,30) (46,29) (46,28) (46,27) (46,26) (47,26) (47,25) (47,24) (47,23) (47,22) (47,21) (47,20) (47,19) (47,18) (47,17) (47,16) (47,15) (47,14) (46,14) (45,14) (44,14) (43,14) (43,13) (42,13) (41,13) (40,13) (39,13) (38,13) (37,13) (37,14) (37,15) 
5 (46,24) (46,25) (45,25) (45,26) (44,26) (43,26) (42,26) (41,26) (41,27) (41,28) (41,29) (41,30) (41,31) (41,32) (41,33) (41,34) (41,35) (42,35) (43,35) (44,35) (45,35) (46,35) (47,35) (47,34) (47,33) (47,32) (47,31) (47,30) (47,29) (47,28) (47,27) (48,27) (48,26) (48,25) (48,24) (48,23) (48,22) (48,21) (48,20) (48,19) (48,18) (48,17) (48,16) (48,15) (48,14) (48,13) (47,13) (46,13) (45,13) (44,13) (44,12) (44,11) (43,11) (43,10) (43,9) (43,8) (43,7) (43,6) (43,5) (43,4) (42,4) (42,3) (41,3) (40,3) (39,3) (38,3) (37,3) (36,3) (35,3) (34,3) (33,3) (32,3) (31,3) (30,3) (29,3) (28,3) (27,3) (26,3) (25,3) (24,3) (24,4) (24,5) 
6 (7,50) (7,49) (7,48) (6,48) (6,47) (6,46) (6,45) (5,45) (5,44) 
7 (15,50) (16,50) (17,50) (17,49) (17,48) (17,47) (17,46) (17,45) (17,44) (17,43) (17,42) (17,41) (17,40) (17,39) (17,38) (17,37) (17,36) (17,35) (17,34) (17,33) (17,32) (16,32) (15,32) (14,32) (13,32) (12,32) (12,33) (11,33) (10,33) (9,33) (8,33) (7,33) (6,33) (5,33) (5,34) (5,35) 
8 (14,44) (14,45) (14,46) (13,46) (12,46) (11,46) (10,46) (9,46) (9,47) (9,48) (9,49) (9,50) (9,51) (9,52) (9,53) (9,54) (9,55) (9,56) (8,56) (7,56) (6,56) (5,56) (4,56) (3,56) (2,56) (1,56) (1,55) (1,54) (1,53) (1,52) (1,51) (1,50) (1,49) (1,48) (2,48) (2,47) (2,46) (2,45) (2,44) (2,43) (2,42) (2,41) (2,40) (2,39) (2,38) (2,37) (2,36) (2,35) (2,34) (2,33) (2,32) (2,31) (2,30) (2,29) (3,29) 
9 (23,50) (23,49) (23,48) (22,48) (21,48) (21,47) (21,46) (21,45) (20,45) (20,44) 
10 (31,50) (31,49) (31,48) (31,47) (31,46) (31,45) (31,44) (31,43) (31,42) (31,41) (31,40) (31,39) (31,38) (31,37) (31,36) (31,35) (31,34) (31,33) (30,33) (29,33) (28,33) (27,33) (26,33) (25,33) (24,33) (23,33) (22,33) (21,33) (20,33) (20,34) (20,35) 
11 (29,44) (29,45) (29,46) (28,46) (27,46) (26,46) (25,46) (25,47) (25,48) (25,49) (25,50) (25,51) (25,52) (25,53) (25,54) (25,55) (25,56) (24,56) (23,56) (22,56) (21,56) (20,56) (19,56) (18,56) (18,55) (18,54) (18,53) (18,52) (18,51) (18,50) (18,49) (18,48) (18,47) (18,46) (18,45) (18,44) (18,43) (18,42) (18,41) (18,40) (18,39) (18,38) (18,37) (18,36) (18,35) (18,34) (18,33) (18,32) (18,31) (17,31) (16,31) (15,31) (14,31) (14,30) (14,29) (14,28) (14,27) (13,27) (13,26) (13,25) (13,24) (13,23) (13,22) (13,21) (13,20) (13,19) (13,18) (12,18) (11,18) (10,18) (9,18) (8,18) (7,18) (6,18) (5,18) (4,18) (3,18) (3,19) (3,20) 
12 (33,14) (33,15) (32,15) (31,15) (30,15) (29,15) (28,15) (27,15) (26,15) (25,15) (24,15) (24,16) (23,16) (22,16) (22,17) (21,17) (20,17) (19,17) (18,17) (17,17) (17,16) (17,15) (16,15) (15,15) (14,15) (13,15) (12,15) (11,15) (11,14) 
13 (12,29) (12,30) (11,30) (10,30) (9,30) (8,30) (7,30) (6,30) (5,30) (4,30) (3,30) (2,30) (1,30) (1,29) (1,28) (2,28) (2,27) (2,26) (2,25) (2,24) (2,23) (2,22) (2,21) (2,20) (2,19) (2,18) (2,17) (3,17) (4,17) (4,16) (4,15) (4,14) (4,13) (4,12) (5,12) (5,11) (5,10) (6,10) (7,10) (8,10) (8,9) (8,8) (9,8) (10,8) (10,7) (10,6) (10,5) (11,5) 
14 (20,14) (21,14) (21,13) (21,12) (21,11) (21,10) (21,9) (21,8) (21,7) (21,6) (21,5) (21,4) (20,4) (19,4) (18,4) (17,4) (16,4) (15,4) (14,4) (13,4) (12,4) (11,4) (10,4) (9,4) (9,3) (8,3) (7,3) (6,3) (5,3) (4,3) (3,3) (3,4) (3,5) 
